time,x,y,z,phi,theta,psi,x_velocity,y_velocity,z_velocity,phi_velocity,theta_velocity,psi_velocity,rotor_speed1,rotor_speed2,rotor_speed3,rotor_speed4
0.06,2.0125221866341048e-08,1.6553271795738073e-06,10.008351824627022,0.0009032206767844997,6.282814664934486,0.0,1.8856527225018387e-05,0.0001262655989663703,0.278367438977583,0.03497005382245959,-0.02290431641163535,0.0,490.54796819424917,488.84459000362006,489.48650079912426,492.08151251626185
0.12000000000000001,1.4260389523185744e-05,3.738575122473616e-05,10.02900513175604,0.003229314199894695,6.281784248360726,0.0,0.0005820171040422585,0.0013017125668383946,0.41003693073664377,0.045447935369756956,-0.007651583825997677,0.0,447.0129328636687,448.2539884346211,445.80996060770946,446.66586187650216
0.18,8.522547966596268e-05,0.0002059090326118151,10.06013898708789,0.006045958157079312,6.281050538677219,0.0,0.001852080670950684,0.004646583541933396,0.6276622472987342,0.049779075950982264,-0.02346634025712173,0.0,473.3138651125067,472.09547851524104,473.05072604930393,473.3852405019816
0.23999999999999996,0.00024163130164492772,0.0006112836393451573,10.099200552041804,0.009688849678958,6.279108911443002,0.0,0.0035064382511190775,0.009183338385658938,0.6743605058083629,0.07658891667894215,-0.06349421944884799,0.0,422.60833216883174,419.1435745175948,418.09790322510673,420.4295775937788
0.3,0.000534075090293803,0.001342920046194032,10.139147882272939,0.013990666789546857,6.275042811871467,0.0,0.006573645864905645,0.0155833150997607,0.6572212606265949,0.05947994944921001,-0.07808570348539665,0.0,399.05252898182835,397.71438406211536,399.38864050451554,397.82987276591905
0.36000000000000004,0.0011019008798573914,0.0025605149695343927,10.180209926124906,0.01755718861941169,6.270727556889419,0.0,0.012780089891715944,0.025342375940803494,0.7114715501882082,0.05936611818103878,-0.06180598661590476,0.0,421.3686993706703,422.7691069903945,423.18921789550615,423.1821002968311
0.4200000000000001,0.0021918219909892052,0.004529015967810126,10.229819496238175,0.02065836688546785,6.2670519029592135,0.0,0.023996473242428304,0.04068520124330917,0.9420050584744963,0.02828170510275891,-0.06019289102694387,0.0,475.8402690178784,475.9613105844377,479.54247156113206,477.1771204234667
0.48000000000000015,0.003985976505263861,0.00741259433096625,10.289760552485541,0.022669936403557855,6.263206220644561,0.0,0.0361935780163742,0.0556264214818694,1.0559200636080877,0.04236122832814455,-0.07333293475589812,0.0,442.6670068014774,441.5814271898639,441.8709598403689,443.0304209625998
0.5400000000000001,0.006529805705198651,0.011164595236141293,10.353352413075603,0.02469199088864027,6.258399947372027,0.0,0.04900243456931243,0.06965201366391048,1.0637869410769396,0.004334528093826326,-0.09922208302106374,0.0,409.9170755666515,407.6040677406814,408.6862472943895,405.28357771216076
0.6000000000000002,0.009945408069231478,0.01579800302145972,10.417875743051221,0.02517279337978895,6.2522308852206905,0.0,0.06539870120773623,0.08482806340375956,1.0869523380479065,0.014508599979741826,-0.11119734903871685,0.0,412.4943022850595,411.42533136055687,413.8041398352251,414.69858454362975
0.6600000000000003,0.01454233049759076,0.021417238431079705,10.486328082134394,0.02553963036067408,6.2454759178284505,0.0,0.08852088651541402,0.1025510321197434,1.1946590875863996,-0.021453463893594912,-0.11550573476486092,0.0,440.894409698086,440.5269486455287,442.2401969483112,439.2683863290868
0.7200000000000003,0.020714944637766037,0.028128555621164356,10.562422067138746,0.024028171958670796,6.238414619412865,0.0,0.11798824710221363,0.12100309445942124,1.3416169263669326,-0.03397050281072122,-0.12245099120263349,0.0,453.63977349306566,453.0696183974459,453.62771972477816,452.6214611110417
0.7800000000000004,0.028879991513428228,0.03594497431382292,10.648793319557923,0.021702315981120712,6.231581559496931,0.0,0.15498722294410092,0.13928614197783462,1.5371463392355438,-0.05067399010458999,-0.10070518700910829,0.0,467.6942694237233,469.37361250350534,468.7633650535723,467.4629689630406
0.8400000000000004,0.039319981393470135,0.04475976201535922,10.744979725191143,0.019415924399075912,6.225413449660428,0.0,0.19365293872569464,0.15425860922309623,1.6688508805967783,-0.020542761757054332,-0.10736057702365827,0.0,449.69665913101994,449.1481879544274,448.4614570308793,450.90114028550386
0.9000000000000005,0.05232012949268645,0.05446393645425532,10.850860327168453,0.018273502461605418,6.219455660978955,0.0,0.2403788568359606,0.16906970009828975,1.8601649086851315,-0.01619342749579881,-0.0867271202011321,0.0,466.6898224837026,468.2892474384984,468.59422222267784,468.93224021282134
0.9600000000000005,0.06815604534139395,0.06500219857564568,10.966637459445447,0.017083439321346816,6.214523121045907,0.0,0.28801260996794525,0.18208494856393892,1.9988000192059343,-0.028346386855968457,-0.07443679462840348,0.0,452.1010407806061,453.0847293638064,453.6714445157768,452.6946755781659
1.0200000000000005,0.08658382081863632,0.07620289749163903,11.085398147854951,0.01532886034806591,6.209804009571037,0.0,0.3266215950809998,0.19113081531805207,1.9599280227604166,-0.0310989929774656,-0.08879371662543378,0.0,396.01955192564145,394.69090306787825,394.94429865908234,394.68997339988084
1.0800000000000005,0.10778026189106259,0.08799183926316224,11.206822303601161,0.013665040928200867,6.2039406178085805,0.0,0.3804855097798966,0.20164259177456895,2.0872693950306167,-0.021726059727310863,-0.12909535494020843,0.0,451.74823196446084,448.47783136410607,449.34699704407683,450.1059380608495
1.1400000000000006,0.13215836474475212,0.1003465845620242,11.33358282005121,0.012108836950900148,6.196388981277238,0.0,0.43283032192737386,0.21004552804467022,2.1379189429442125,-0.03607164249652968,-0.12007534506030877,0.0,425.84293346727566,426.59856142678984,426.5813868737339,425.35447041830554
1.2000000000000006,0.16035189989655652,0.11324283304295828,11.469396625745455,0.009774150867135845,6.189332119644575,0.0,0.5077912802113654,0.2195430272988633,2.3886238039074237,-0.04529901893894468,-0.11310203904638766,0.0,487.6850325785235,488.1944972295547,487.70175236074203,487.0114786159695
1.2600000000000007,0.19289656757338877,0.12661614428602594,11.61687934269924,0.006680264074438114,6.18343236391555,0.0,0.5776685115502912,0.22592154476825932,2.5270901339762895,-0.06862432236590912,-0.07867766170448012,0.0,454.7012260988652,457.44189516433966,455.97080091510134,454.10178968609284
1.3200000000000007,0.23021078494862673,0.14032597000693803,11.777176838517448,0.0029147978491250726,6.178389238261138,0.0,0.6666924406241468,0.23055798313361753,2.815407288365896,-0.053050651315589954,-0.09785839155335004,0.0,501.53690317051206,500.1368214158666,499.0417823758098,500.1747743188125
1.3800000000000008,0.2727600929404017,0.15421348107874844,11.952475354028202,6.282454971401308,6.172934168242973,0.0,0.7522184825460102,0.23196167971802023,3.0272391538326326,-0.08426521947715769,-0.07977152962915861,0.0,480.19227044985945,481.55593781050453,480.0491016791607,477.6719535039932
1.4400000000000008,0.3202860068750894,0.16809342734186508,12.137959276656733,6.277704209422893,6.167738776662162,0.0,0.8324518214353644,0.2301840616980593,3.1551250548256484,-0.07057510953619311,-0.10590630894224459,0.0,456.7935371809072,454.6982603368798,455.7092966867629,456.7973799786616
1.5000000000000009,0.37247140926183087,0.1817818668314486,12.32879093493316,6.27357557334464,6.16119381858427,0.0,0.9076420646536153,0.22570221962843473,3.205684078332461,-0.06549815095442761,-0.11633554393457378,0.0,432.3089272352048,431.41826759982337,432.9410968045302,433.36433827665337
1.560000000000001,0.42965436812030283,0.19509325287030516,12.525548707247445,6.269777114782155,6.15385739279742,0.0,0.9991639581400532,0.21759551322957774,3.3523442427680914,-0.05925354205243584,-0.13807340669628027,0.0,464.4215818987931,462.7001769875119,462.6433263245835,463.13200191655847
1.620000000000001,0.49279534351436444,0.20780504561298646,12.733376081322072,6.267014595349689,6.145629869405306,0.0,1.1064189694878623,0.20577361311149356,3.574369290559813,-0.027846129075940834,-0.1352957339510312,0.0,486.672388947541,486.86463943203427,485.5400546557016,487.8893931938889
1.680000000000001,0.5621718115450309,0.21979467168897904,12.951660214328705,6.264942838961343,6.137341027044959,0.0,1.206920262121015,0.19369818035922312,3.7011769270143793,-0.053284108077548076,-0.14455862793271054,0.0,461.06002846924883,460.3105462263837,460.6218435182227,458.6050520022896
1.740000000000001,0.6373125942352266,0.23106602784500424,13.174542403164008,6.261901950726296,6.128611211195103,0.0,1.2985292728479834,0.18173486249900386,3.7279567921975487,-0.04592880942548151,-0.14744042384844433,0.0,430.079502924997,429.814736471529,429.1111942287685,429.73342397101345
1.8000000000000012,0.7184138953020289,0.24152319884942455,13.400944210190218,6.259254257486257,6.119813920376075,0.0,1.405658426388678,0.16657774963116143,3.818247301301927,-0.0407514540772919,-0.14503390265215804,0.0,450.4556412845803,450.63040150815056,450.6547197792047,451.0719637710056
1.8600000000000012,0.8057999769428771,0.2510653481430685,13.630822732166083,6.256548157752357,6.110975036241918,0.0,1.5079618272401245,0.15126902621716232,3.84406508065505,-0.05564821384509369,-0.15231186860819015,0.0,431.8100384340535,431.1744719629017,431.3847365000754,430.1235728396818
1.9200000000000013,0.8995624601100707,0.25962477430489656,13.862664357039888,6.253005628152863,6.101756114994393,0.0,1.618246703989807,0.13373670083073833,3.8836044802983642,-0.06687760307094591,-0.1564623390808155,0.0,436.14738676497257,435.7777618579282,437.1275360044256,436.18812613886723
1.9800000000000013,0.9999024735478977,0.2670991250528932,14.095715018645365,6.248664291449295,6.0924265224715,0.0,1.7271945751222195,0.11505442867658307,3.884490397282001,-0.08651916024816131,-0.15362451282434453,0.0,424.0823165799359,424.3018939059314,425.4732061011559,423.78359420873113
2.0400000000000014,1.106609044342601,0.27343291076830917,14.327097493816495,6.243394256656019,6.082681262409258,0.0,1.830419657572434,0.0956610220763394,3.8282008293541043,-0.09060032383282551,-0.1927047227450781,0.0,407.06682084237207,403.52439860430263,405.6602012652831,405.2862948550285
2.1000000000000014,1.2207049355203918,0.2783132217247365,14.56012152540034,6.237747206243645,6.070607233258034,0.0,1.9738511306387911,0.06647596446605672,3.9384685267791952,-0.10228353082140187,-0.22958247993130274,0.0,461.7953296311172,458.83702182041156,461.2417252034725,460.31079594925365
2.1600000000000015,1.3441178392157895,0.28122694633671863,14.801780403949481,6.231305482409562,6.0565935211298765,0.0,2.1412770618823362,0.029993578840692772,4.11562380274543,-0.1201768942112931,-0.24300398599605444,0.0,483.96298220642103,482.90184440394665,482.4705647108644,481.10825524231655
2.2200000000000015,1.4779215662559992,0.28179700032475313,15.054102633500733,6.224220950643758,6.042648543589301,0.0,2.3202203105737262,-0.011734368382420332,4.293804766904335,-0.1141766449754252,-0.2169376485995844,0.0,484.34057391940354,486.2476310430223,485.2992684736301,485.7382335875408
2.2800000000000016,1.6223124436903984,0.27981705712633953,15.315190490843364,6.217166467119707,6.030170330001836,0.0,2.4939240166194683,-0.05492451561371993,4.408075630208567,-0.12541652125350572,-0.19432369222184534,0.0,467.91162260611907,469.62837112564796,469.1269491574409,468.2415699088147
2.3400000000000016,1.7771350296014288,0.27516104820894255,15.582139597611619,6.209850391747201,6.018470956486329,0.0,2.6677913843576553,-0.10095105747212088,4.489307256258197,-0.11575500522525596,-0.19635339758378748,0.0,460.755388516142,460.55921451642564,460.1987941363941,460.9500750864641
2.4000000000000017,1.9421208067243434,0.2677377209226818,15.852087597174128,6.20257447771373,6.006964802116308,0.0,2.8326382158514853,-0.1470828447428414,4.508299522788431,-0.13553191746696194,-0.1839056135750309,0.0,441.7295017649618,442.71878324708416,443.7335952068158,442.09320155908125
2.4600000000000017,2.1165390404257303,0.2576025177146272,16.12082443743521,6.194355414372591,5.995921668797148,0.0,2.982107557539553,-0.1913774021155221,4.449300003362418,-0.14005651428820448,-0.18434660289137464,0.0,417.51831347194644,417.44460341555833,417.86977753327443,417.4563940062365
2.520000000000002,2.3003872420530294,0.24459326435996945,16.386962675280813,6.186866778247339,5.984463524974082,0.0,3.146979788765661,-0.24287470224309604,4.42148192826047,-0.10473835633137424,-0.20942983325731887,0.0,430.6030379253999,428.4377682767328,427.1980846406119,430.18382164983495
2.580000000000002,2.494281962548961,0.22838877464232302,16.65127001566134,6.18069020237772,5.972180943718509,0.0,3.3170727395485864,-0.29773770924628057,4.388230079267224,-0.09957693277332828,-0.1966460942726724,0.0,427.96102304188537,429.00491594383635,428.19367672651896,428.62295549629624
2.640000000000002,2.698478591990546,0.20882611223471392,16.913233129503407,6.174803650772649,5.960830376347413,0.0,3.490282062148998,-0.3547816358386112,4.343393929983941,-0.0953264916073284,-0.17735732146428604,0.0,424.67787413379887,426.2925018646871,425.66552135144593,426.02044007386974
2.700000000000002,2.9148072317405327,0.18524022621000333,17.17709681853747,6.168877349418809,5.949966548376182,0.0,3.7213906765192104,-0.43187640518401277,4.450769965744708,-0.10674206327585141,-0.18974246047206858,0.0,477.1885693500794,476.21260911937645,477.5344034332894,476.65496662003744
2.760000000000002,3.143778700547932,0.1573855046720465,17.443227954284307,6.161928125837061,5.939038264138679,0.0,3.9117161035623327,-0.49708686956032766,4.419641793720981,-0.1484367721904594,-0.17014873636347674,0.0,433.00902241033015,434.6211326202737,436.6821831975815,433.17586260915317
2.820000000000002,3.3852491093226953,0.12518759338466515,17.709956475852696,6.152632152990403,5.929288088074383,0.0,4.137875059852328,-0.5769091517051682,4.470206205791772,-0.17288477037771952,-0.15045971204488062,0.0,462.37067723022096,463.895177208396,464.1100918900578,462.1647149468882
2.880000000000002,3.641299065317184,0.08772235951586749,17.981906585901328,6.142485088640239,5.9198695458971144,0.0,4.397553003746392,-0.6728215312137602,4.593233484086833,-0.16249331159293617,-0.17500797278824903,0.0,489.6337003321635,487.7822432113202,487.8880366659392,488.63872622017783
2.940000000000002,3.911449564588143,0.04491453700717543,18.256838139542722,6.132510926682098,5.909709777535749,0.0,4.608036841163395,-0.7548291290476006,4.570323748734423,-0.17501682886527867,-0.15989114053990633,0.0,443.3061497557027,444.519118075356,445.6473582791792,444.59576653806715
3.000000000000002,4.1952907655030565,-0.003331549984936128,18.53261892519852,6.121927622398983,5.900177057978047,0.0,4.8537639262852,-0.8541942809433114,4.621061799654279,-0.17927872493056876,-0.15692940323450205,0.0,471.4037681778931,471.6102512120958,470.5535551978815,470.1953272894509
3.0600000000000023,4.493300573579263,-0.05744128602587225,18.809575064010595,6.111405487380903,5.890665908867172,0.0,5.08032284956912,-0.9502360438910111,4.6098230307454235,-0.16852377282771175,-0.1619001805647898,0.0,454.3615806059371,453.9395276240481,452.00870225449336,452.84567495468985
3.1200000000000023,4.804038755161992,-0.11706964939767907,19.083403745710253,6.1013915338014755,5.880866033241119,0.0,5.278104864704426,-1.038048563450144,4.517270066498832,-0.1638375125276778,-0.1663547188035715,0.0,427.45016623269714,427.04366531641244,426.78886769458273,427.1608650960136
3.1800000000000024,5.127794540898597,-0.18254968687986947,19.353988410815877,6.0916201176292795,5.870552895160493,0.0,5.5141710424599655,-1.1452815448070655,4.501130321693287,-0.16096704622304808,-0.18621532042770864,0.0,455.70060623678467,454.08182865654464,455.67334355407615,455.8782621368719
3.2400000000000024,5.4654103890215175,-0.2544230277658168,19.622502683394252,6.081890355704683,5.859488308778133,0.0,5.7401845570046985,-1.2511142831702824,4.448383745429987,-0.16466459883055892,-0.18102826094451221,0.0,446.02483856396793,446.4155349618995,444.4428033874223,444.1145109879171
3.3000000000000025,5.815958787519508,-0.33244863949657116,19.88609263749725,6.072829381981723,5.848300914658285,0.0,5.9452658971185395,-1.350315675711597,4.3373333977494015,-0.13241438007519474,-0.20042943391468432,0.0,427.6134669985669,425.9212660835784,424.90150766924745,427.6346166704356
3.3600000000000025,6.180367311888498,-0.4171846238585516,20.1459241544123,6.065051790282819,5.836395663671098,0.0,6.202129182998677,-1.4746378450991993,4.322356390171769,-0.12456926402093896,-0.1946850787514519,0.0,463.11660218816445,463.5315361792058,461.14539478057793,461.750080965763
3.4200000000000026,6.561083527182602,-0.5098281938708986,20.406226018100693,6.057336153801069,5.82485354541971,0.0,6.488714769395454,-1.6138423670089295,4.352636442806105,-0.13817678062823968,-0.18810380247275177,0.0,481.04590237269616,481.51113006879973,480.9263501796793,479.88042461539834
3.4800000000000026,6.95766201072074,-0.6102698333943583,20.665266451075787,6.048493713345859,5.813768696087717,0.0,6.730912337187611,-1.7346655105157986,4.280967921307025,-0.18104962803350577,-0.1787704750768315,0.0,448.50367766394913,449.2284873514162,452.00685728859537,448.5157197248513
3.5400000000000027,7.370565675742941,-0.7188615109496946,20.923084115519078,6.0372536204424705,5.802759951385326,0.0,7.032637736256953,-1.8856769394725126,4.311000397869762,-0.20443986532276553,-0.19510218545418154,0.0,488.7378117356557,487.48913822943047,487.63822216135753,485.85601809042134
3.6000000000000028,7.799189094069668,-0.8355164656348008,21.17784889663294,6.024818379970835,5.7908103573512975,0.0,7.255190747119076,-2.003512323711984,4.18025391042151,-0.21356557684091174,-0.20883039683865193,0.0,435.45971282966156,434.2693900574192,435.6794808339175,434.87220903895604
3.660000000000003,8.242981890765215,-0.9602127047543317,21.427694662508916,6.011981040694678,5.779128788935367,0.0,7.538066832788432,-2.1537129829545023,4.146147391243312,-0.21474599586027598,-0.1756364968264011,0.0,472.02681570474095,474.5465929120981,472.1331235426611,471.9997729264632
3.720000000000003,8.703127340000268,-1.0937482686844668,21.674029212325365,5.998826154183318,5.768577318076074,0.0,7.800193543567894,-2.2981706823543635,4.063600161721664,-0.23023137104896274,-0.1763036028087763,0.0,459.33260735517496,459.25099435828554,460.33418998581027,459.0606205057575
3.780000000000003,9.179333686966109,-1.2362541660002822,21.9156641868252,5.985564636040671,5.757848881081808,0.0,8.073351299356679,-2.4527217115977487,3.9893067262112396,-0.20710082498032267,-0.18434553836227416,0.0,465.4279336203847,464.7685193645326,466.0703183724926,467.82878703284445
3.840000000000003,9.6716757347599,-1.3880349945262243,22.1521029654613,5.974033374554338,5.7467825787406674,0.0,8.338077434837045,-2.6071904085552577,3.8905151222841274,-0.17242162534157673,-0.18462440048703738,0.0,460.75974678098356,460.706038300545,459.83124145369044,462.53536312883665
3.900000000000003,10.179652181869534,-1.549055629767685,22.381917589675176,5.9634607232345225,5.735672970740273,0.0,8.594499055518613,-2.7606111796581803,3.7686459860045978,-0.1851206530794483,-0.1862519850255172,0.0,456.7404880010281,456.5783703356666,455.77752981852257,454.73181318612774
3.960000000000003,10.701860097090549,-1.7187760442499913,22.602357099897972,5.953316858812766,5.724627451610296,0.0,8.812597121141948,-2.8972435964793744,3.5785206644609353,-0.1482910478436565,-0.18009433102824565,0.0,432.60053257124895,433.08505414661545,431.0284399609037,434.10134258431185
4.020000000000002,11.237943826878402,-1.8971838240641654,22.812372747079383,5.944137528195636,5.713308168467892,0.0,9.05686449835767,-3.0500474051803383,3.4208745822522744,-0.16458225610545651,-0.21722335584725247,0.0,449.0517940038525,445.9925966199403,448.8582240577883,447.5115537175088
4.080000000000001,11.789408486498251,-2.085204951149502,23.013736402843172,5.934640361315541,5.700578753558709,0.0,9.325259805932129,-3.2176063961463077,3.2896214207265126,-0.14799991628580145,-0.20358944889335157,0.0,460.7342913279595,461.76857836559776,461.0067451848862,462.2926500316118
4.14,12.355861227776357,-2.282762028939758,23.20533744791453,5.925915009558427,5.6881934272556585,0.0,9.556565451364406,-3.3679646819435747,3.0960060030828735,-0.14071577012516082,-0.21278067407373855,0.0,441.23382356948736,440.4316748421698,440.455353733769,441.0375868679959
4.199999999999998,12.937635538156929,-2.490143802215448,23.387069664059204,5.917646970470958,5.675031486695424,0.0,9.83573783950302,-3.5449090162829786,2.9599884423945797,-0.13253439541634096,-0.23766467179875514,0.0,468.4257941575658,466.4400791782415,466.13699341110436,466.75948071319635
4.259999999999997,13.534677821790524,-2.70742274294127,23.558345619217665,5.909864786898762,5.6605405543718135,0.0,10.065772775968936,-3.6979453320483966,2.7479913285101394,-0.12457409980483142,-0.25059211459667285,0.0,441.1616523660955,440.03333046602864,440.94648404526015,441.5882889551447
4.319999999999996,14.14566628032156,-2.9339886239233732,23.716810570178,5.902265899499106,5.645528848281348,0.0,10.300574616542299,-3.854421002581551,2.5328423800530704,-0.13115221309692335,-0.24941431607286707,0.0,443.6466371472714,443.6804886042844,442.96225915406563,442.40603039846764
4.379999999999995,14.771077484585906,-3.170142347961727,23.862502314845692,5.894634542458709,5.631405578225376,0.0,10.546393463305861,-4.017529061274255,2.3221033720757913,-0.12025972802848903,-0.21644032151574308,0.0,447.40835569616837,450.03004427262056,448.61990463217376,449.48918984093876
4.439999999999993,15.413893327590985,-3.4174456304858745,23.99850270094159,5.886854424852814,5.619124082878443,0.0,10.880073373547116,-4.22580736155308,2.2088720091806735,-0.16553543832328635,-0.187978097304435,0.0,490.8733362990092,492.94416757063186,494.9378987322681,491.57800955377525
4.499999999999992,16.073328312087074,-3.6756405210774887,24.123430612726615,5.877676636916137,5.607398252468911,0.0,11.10090934644489,-4.3810962230915385,1.954363884707043,-0.13540825809446203,-0.21762847198397783,0.0,441.30712464419736,438.8128678392185,438.75380059688143,441.22595219112117
4.559999999999991,16.746986785073286,-3.9437211262855483,24.23402020746087,5.869951385572033,5.594283122476048,0.0,11.354023044032125,-4.555095973254755,1.730424075033396,-0.11798742401027953,-0.22056792156517963,0.0,456.5516312820361,456.2710295989099,456.40735968789073,457.7813755513736
4.6199999999999894,17.435242416024398,-4.222022228946591,24.33029308280735,5.8628966524376835,5.581038283521291,0.0,11.587562583979253,-4.721815927301783,1.4773628702175945,-0.11677483449089945,-0.22110785870580213,0.0,448.80587452911436,448.71428871885126,447.95756350087976,448.0439248715738
4.679999999999988,18.139237692087782,-4.511227970904865,24.413032163004097,5.856497421614446,5.567901256931723,0.0,11.87825127192081,-4.918346308112366,1.2786126579581398,-0.09167601281258479,-0.21495836129393953,0.0,477.10564516755323,477.5312928788725,474.1889336274398,476.1043874348161
4.739999999999987,18.858236805873,-4.811127979703326,24.481059831316625,5.850888171168897,5.554876664563718,0.0,12.088172609066769,-5.078599469901543,0.9879539444895944,-0.09737867881620185,-0.2216812711237116,0.0,441.59332421335654,440.99110034777743,440.2767819892283,439.79697422846226
4.799999999999986,19.588178164726944,-5.119947197644457,24.52980842247009,5.84578298979083,5.541584855239428,0.0,12.24333106851715,-5.2158841568683165,0.6365369459393617,-0.0678041368176688,-0.22123018743448802,0.0,414.73684989043267,414.7240217698238,412.60864268011693,415.2057765517781
4.859999999999984,20.32876307930691,-5.437710306555446,24.558670738990443,5.84214603593162,5.529187888063598,0.0,12.44261394355381,-5.37654499571453,0.3246664049293253,-0.04914612318394149,-0.18712278423036746,0.0,434.9189901567715,437.72356453137,434.12997680539644,435.69067538832456
4.919999999999983,21.083954162482353,-5.766407543254155,24.571244643049468,5.839447600054015,5.517690430132372,0.0,12.729485625994597,-5.580017660177698,0.09279971893427665,-0.03771987372088177,-0.20260921035347343,0.0,476.96573748049747,475.7476284970556,475.1374241829939,476.0119672870068
4.979999999999982,21.853346199208318,-6.1060527239461555,24.56692623808518,5.83699077938595,5.505776545242265,0.0,12.916693568323057,-5.741907662701881,-0.23744754287268607,-0.048339057755840756,-0.19151411677552763,0.0,433.700606983948,434.59227091781344,434.6728632831786,433.7806134793735
5.0399999999999805,22.63461901025802,-6.455806260576088,24.543287369587745,5.833661792052613,5.4942953566276564,0.0,13.12527807895756,-5.916931683694092,-0.5514671671774342,-0.0762598340567811,-0.19103363809318488,0.0,445.4586865128276,445.4624304652196,445.1737013117677,442.87961786106894
